#sample identification by cox analyses

BaRoBM1B_new1/	baro
BaRoBM2A_new1/	baro
BaRoKF1A_old1/	baro
SCA1F3A_new1/	baro
SCA1F4B_new1/	baro
SCA2F2A_old1/	bagr
SCA2M1A_new1/	bagr
SCA2M2A_new1/	bagr
SCA2M3A_new1/	bagr
SCOF1B_new1/	baro
SCOF2A_new1/	baat
SCOF3A_old1/	baat

BaRoBM1B_new1
cox1_baat	TRINITY_DN18834_c0_g2_i1	91.092	1538	137	0	1	1538	2286	749	0.0	2084
cox2_baat	TRINITY_DN18834_c0_g2_i1	91.970	660	53	0	7	666	681	22	0.0	926
cox3_baat	TRINITY_DN10001_c0_g2_i1	90.064	785	77	1	1	784	4	788	0.0	1016
cytb_baat	TRINITY_DN3885_c0_g2_i1	90.388	1134	101	6	1	1127	483	1615	0.0	1483
cox1_baro	TRINITY_DN18834_c0_g2_i1	97.009	1538	46	0	1	1538	2286	749	0.0	2586
cox2_baro	TRINITY_DN18834_c0_g2_i1	97.748	666	15	0	1	666	687	22	0.0	1147
cox3_baro	TRINITY_DN10001_c0_g1_i1	97.449	784	20	0	1	784	4	787	0.0	1338
cytb_baro	TRINITY_DN3885_c0_g2_i1	97.352	1133	30	0	1	1133	483	1615	0.0	1927

BaRoBM2A_new1
cox1_baat	TRINITY_DN2424_c0_g1_i1	91.092	1538	137	0	1	1538	4	1541	0.0	2084
cox2_baat	TRINITY_DN2424_c0_g2_i1	91.742	666	55	0	1	666	1604	2269	0.0	926
cox3_baat	TRINITY_DN69508_c0_g1_i1	90.076	786	78	0	1	786	4	789	0.0	1020
cytb_baat	TRINITY_DN10597_c0_g1_i1	90.388	1134	101	6	1	1127	1153	21	0.0	1483
cox1_baro	TRINITY_DN2424_c0_g1_i1	97.009	1538	46	0	1	1538	4	1541	0.0	2586
cox2_baro	TRINITY_DN2424_c0_g2_i1	97.748	666	15	0	1	666	1604	2269	0.0	1147
cox3_baro	TRINITY_DN69508_c0_g1_i1	97.455	786	20	0	1	786	4	789	0.0	1341
cytb_baro	TRINITY_DN10597_c0_g1_i1	97.352	1133	30	0	1	1133	1153	21	0.0	1927

BaRoKF1A_old1
cox1_baat	TRINITY_DN36670_c0_g1_i1	91.004	1534	138	0	1	1534	108	1641	0.0	2071
cox2_baat	TRINITY_DN96553_c1_g1_i1	91.818	660	54	0	7	666	24	683	0.0	920
cox3_baat	TRINITY_DN105295_c0_g1_i1	89.949	786	79	0	1	786	61	846	0.0	1014
cytb_baat	TRINITY_DN113906_c0_g1_i1	90.476	1134	100	6	1	1127	127	1259	0.0	1489
cox1_baro	TRINITY_DN36670_c0_g1_i1	96.936	1534	47	0	1	1534	108	1641	0.0	2573
cox2_baro	TRINITY_DN96553_c1_g1_i1	97.590	664	16	0	3	666	20	683	0.0	1138
cox3_baro	TRINITY_DN105295_c0_g1_i1	97.074	786	23	0	1	786	61	846	0.0	1325
cytb_baro	TRINITY_DN113906_c0_g1_i1	97.352	1133	30	0	1	1133	127	1259	0.0	1927

SCA1F3A_new1
cox1_baat	TRINITY_DN17347_c0_g1_i1	91.004	1534	138	0	1	1534	111	1644	0.0	2071
cox2_baat	TRINITY_DN13930_c0_g1_i1	91.730	653	54	0	14	666	1	653	0.0	907
cox3_baat	TRINITY_DN13424_c0_g1_i1	89.695	786	81	0	1	786	1023	1808	0.0	1003
cytb_baat	TRINITY_DN55149_c0_g1_i1	90.564	1134	99	6	1	1127	1145	13	0.0	1495
cox1_baro	TRINITY_DN17347_c0_g1_i1	96.936	1534	47	0	1	1534	111	1644	0.0	2573
cox2_baro	TRINITY_DN13930_c0_g1_i1	97.550	653	16	0	14	666	1	653	0.0	1118
cox3_baro	TRINITY_DN13424_c0_g1_i1	96.692	786	26	0	1	786	1023	1808	0.0	1308
cytb_baro	TRINITY_DN55149_c0_g1_i1	97.352	1133	30	0	1	1133	1145	13	0.0	1927

SCA1F4B_new1
cox1_baat	TRINITY_DN59546_c0_g1_i1	91.004	1534	138	0	1	1534	142	1675	0.0	2071
cox2_baat	TRINITY_DN76287_c1_g1_i1	91.742	666	55	0	1	666	123	788	0.0	926
cox3_baat	TRINITY_DN65085_c0_g1_i1	89.949	786	79	0	1	786	816	31	0.0	1014
cytb_baat	TRINITY_DN46679_c3_g2_i1	90.564	1134	99	6	1	1127	481	1613	0.0	1495
cox1_baro	TRINITY_DN59546_c0_g1_i1	96.936	1534	47	0	1	1534	142	1675	0.0	2573
cox2_baro	TRINITY_DN76287_c1_g1_i1	97.748	666	15	0	1	666	123	788	0.0	1147
cox3_baro	TRINITY_DN65085_c0_g1_i1	97.074	786	23	0	1	786	816	31	0.0	1325
cytb_baro	TRINITY_DN46679_c3_g2_i1	97.352	1133	30	0	1	1133	481	1613	0.0	1927

SCA2F2A_old1
cox1_baat	TRINITY_DN90228_c0_g1_i1	93.090	1534	106	0	1	1534	107	1640	0.0	2248
cox2_baat	TRINITY_DN84734_c0_g1_i1	94.689	659	35	0	7	665	683	25	0.0	1024
cox3_baat	TRINITY_DN90164_c0_g1_i1	92.239	786	61	0	1	786	1023	1808	0.0	1114
cytb_baat	TRINITY_DN31627_c0_g1_i1	92.096	1126	83	4	1	1120	534	1659	0.0	1581
cox1_baro	TRINITY_DN90228_c0_g1_i1	92.373	1534	117	0	1	1534	107	1640	0.0	2185
cox2_baro	TRINITY_DN84734_c0_g1_i1	92.030	665	53	0	1	665	689	25	0.0	935
cox3_baro	TRINITY_DN90164_c0_g1_i1	90.331	786	76	0	1	786	1023	1808	0.0	1031
cytb_baro	TRINITY_DN31627_c0_g1_i1	90.300	1134	108	2	1	1133	534	1666	0.0	1483

SCA2M1A_new1
cox1_baat	TRINITY_DN37534_c1_g1_i1	92.892	830	59	0	709	1538	4	833	0.0	1208
cox2_baat	TRINITY_DN37534_c0_g1_i1	94.436	665	37	0	1	665	4	668	0.0	1024
cox3_baat	TRINITY_DN59808_c1_g1_i1	92.239	786	61	0	1	786	4	789	0.0	1114
cytb_baat	TRINITY_DN36284_c0_g2_i1	92.185	1126	82	4	1	1120	4	1129	0.0	1587
cox1_baro	TRINITY_DN37534_c1_g1_i1	91.807	830	68	0	709	1538	4	833	0.0	1157
cox2_baro	TRINITY_DN37534_c0_g1_i1	92.030	665	53	0	1	665	4	668	0.0	935
cox3_baro	TRINITY_DN59808_c1_g1_i1	90.331	786	76	0	1	786	4	789	0.0	1031
cytb_baro	TRINITY_DN36284_c0_g2_i1	90.371	1132	107	2	1	1131	4	1134	0.0	1485

SCA2M2A_new1
cox1_baat	TRINITY_DN57930_c0_g3_i1	93.108	1538	106	0	1	1538	4	1541	0.0	2255
cox2_baat	TRINITY_DN57930_c0_g1_i1	94.436	665	37	0	1	665	1	665	0.0	1024
cox3_baat	TRINITY_DN50457_c0_g1_i1	92.239	786	61	0	1	786	2353	1568	0.0	1114
cytb_baat	TRINITY_DN50360_c0_g2_i1	92.096	1126	83	4	1	1120	4	1129	0.0	1581
cox1_baro	TRINITY_DN57930_c0_g3_i1	92.393	1538	117	0	1	1538	4	1541	0.0	2193
cox2_baro	TRINITY_DN57930_c0_g1_i1	92.030	665	53	0	1	665	1	665	0.0	935
cox3_baro	TRINITY_DN50457_c0_g1_i1	90.331	786	76	0	1	786	2353	1568	0.0	1031
cytb_baro	TRINITY_DN50360_c0_g2_i1	90.274	1131	108	2	1	1130	4	1133	0.0	1478

SCA2M3A_new1
cox1_baat	TRINITY_DN28855_c0_g3_i1	93.043	1538	107	0	1	1538	4	1541	0.0	2250
cox2_baat	TRINITY_DN28855_c0_g3_i1	94.436	665	37	0	1	665	1602	2266	0.0	1024
cox3_baat	TRINITY_DN73955_c0_g1_i1	92.239	786	61	0	1	786	4	789	0.0	1114
cytb_baat	TRINITY_DN29592_c0_g2_i1	92.185	1126	82	4	1	1120	4	1129	0.0	1587
cox1_baro	TRINITY_DN28855_c0_g3_i1	92.328	1538	118	0	1	1538	4	1541	0.0	2187
cox2_baro	TRINITY_DN28855_c0_g3_i1	92.030	665	53	0	1	665	1602	2266	0.0	935
cox3_baro	TRINITY_DN73955_c0_g1_i1	90.331	786	76	0	1	786	4	789	0.0	1031
cytb_baro	TRINITY_DN29592_c0_g2_i1	90.380	1133	107	2	1	1132	4	1135	0.0	1487

SCOF1B_new1
cox1_baat	TRINITY_DN14425_c0_g2_i1	90.743	1534	142	0	1	1534	108	1641	0.0	2049
cox2_baat	TRINITY_DN157327_c0_g1_i1	91.742	666	55	0	1	666	123	788	0.0	926
cox3_baat	TRINITY_DN104315_c4_g1_i1	89.949	786	79	0	1	786	809	1594	0.0	1014
cytb_baat	TRINITY_DN1397_c0_g1_i1	90.476	1134	100	6	1	1127	519	1651	0.0	1489
cox1_baro	TRINITY_DN14425_c0_g2_i1	96.675	1534	51	0	1	1534	108	1641	0.0	2551
cox2_baro	TRINITY_DN157327_c0_g1_i1	97.748	666	15	0	1	666	123	788	0.0	1147
cox3_baro	TRINITY_DN104315_c4_g1_i1	97.074	786	23	0	1	786	809	1594	0.0	1325
cytb_baro	TRINITY_DN1397_c0_g1_i1	97.264	1133	31	0	1	1133	519	1651	0.0	1921

SCOF2A_new1
cox1_baat	TRINITY_DN62061_c0_g1_i1	98.957	1534	16	0	1	1534	129	1662	0.0	2747
cox2_baat	TRINITY_DN75277_c0_g1_i1	99.700	666	2	0	1	666	126	791	0.0	1219
cox3_baat	TRINITY_DN75277_c1_g1_i1	99.491	786	4	0	1	786	986	1771	0.0	1430
cytb_baat	TRINITY_DN75516_c0_g1_i1	98.853	1133	7	4	1	1127	489	1621	0.0	2015
cox1_baro	TRINITY_DN62061_c0_g1_i1	91.460	1534	131	0	1	1534	129	1662	0.0	2108
cox2_baro	TRINITY_DN75277_c0_g1_i1	90.991	666	60	0	1	666	126	791	0.0	898
cox3_baro	TRINITY_DN75277_c1_g1_i1	90.076	786	78	0	1	786	986	1771	0.0	1020
cytb_baro	TRINITY_DN75516_c0_g1_i1	90.603	1128	104	2	1	1127	489	1615	0.0	1495

SCOF3A_old1
cox1_baat	TRINITY_DN75296_c0_g1_i1	98.957	1534	16	0	1	1534	1555	22	0.0	2747
cox2_baat	TRINITY_DN112627_c0_g1_i1	99.700	666	2	0	1	666	126	791	0.0	1219
cox3_baat	TRINITY_DN78800_c0_g1_i1	99.491	786	4	0	1	786	66	851	0.0	1430
cytb_baat	TRINITY_DN112689_c0_g1_i1	98.853	1133	7	4	1	1127	596	1728	0.0	2015
cox1_baro	TRINITY_DN75296_c0_g1_i1	91.460	1534	131	0	1	1534	1555	22	0.0	2108
cox2_baro	TRINITY_DN112627_c0_g1_i1	90.991	666	60	0	1	666	126	791	0.0	898
cox3_baro	TRINITY_DN78800_c0_g1_i1	90.076	786	78	0	1	786	66	851	0.0	1020
cytb_baro	TRINITY_DN112689_c0_g1_i1	90.603	1128	104	2	1	1127	596	1722	0.0	1495
